5 0.06640625 0.575 0.10625 0.42265625
7 0.059375 0.4984375 0.084375 0.13359375
5 0.6171875 0.6078125 0.05234375 0.26796875
7 0.6140625 0.565625 0.06328125 0.11875
5 0.13359375 0.615625 0.059375 0.328125
7 0.13125 0.55625 0.04140625 0.11484375
5 0.21015625 0.6 0.08203125 0.35390625
7 0.20390625 0.5484375 0.0609375 0.13828125
5 0.28046875 0.62421875 0.03671875 0.30078125
7 0.28515625 0.590625 0.0515625 0.13125
5 0.43671875 0.60078125 0.0625 0.31015625
7 0.43125 0.5515625 0.05546875 0.11484375
5 0.5109375 0.5859375 0.06640625 0.3359375
7 0.5078125 0.53359375 0.065625 0.1078125
5 0.82421875 0.615625 0.03828125 0.19453125
7 0.821875 0.60390625 0.04140625 0.0984375
5 0.89375 0.59453125 0.04375 0.221875
7 0.8921875 0.5578125 0.04453125 0.084375
5 0.95546875 0.578125 0.034375 0.21796875
7 0.95859375 0.546875 0.0359375 0.07734375
6 0.02265625 0.74921875 0.03046875 0.06328125
6 0.07734375 0.778125 0.04296875 0.03125
6 0.12578125 0.75546875 0.0390625 0.05078125
5 0.34375 0.6375 0.05 0.2671875