5 0.66328125 0.2125 0.246875 0.259375
3 0.665625 0.13828125 0.14375 0.12109375
5 0.1234375 0.7140625 0.20625 0.30078125
7 0.08671875 0.77265625 0.1671875 0.2265625
3 0.16484375 0.61953125 0.1140625 0.1296875
5 0.91875 0.2203125 0.1625 0.2671875
3 0.9234375 0.1515625 0.14609375 0.146875
5 0.36640625 0.71328125 0.20390625 0.25546875
7 0.35078125 0.78671875 0.2171875 0.1796875
7 0.65625 0.26640625 0.23671875 0.1359375
7 0.9171875 0.28125 0.16484375 0.13203125
3 0.33984375 0.64375 0.1390625 0.1421875
2 0.1609375 0.61953125 0.1015625 0.046875
2 0.340625 0.66328125 0.1109375 0.0203125
2 0.92109375 0.16484375 0.1390625 0.02578125