7 0.78125 0.6375 0.09453125 0.215625
7 0.6859375 0.55703125 0.10234375 0.2015625
7 0.56875 0.515625 0.08828125 0.18203125
7 0.24453125 0.58671875 0.1515625 0.2296875
7 0.39296875 0.525 0.1421875 0.21328125
5 0.909375 0.5921875 0.14296875 0.59296875
5 0.7859375 0.678125 0.08828125 0.425
5 0.68125 0.628125 0.11484375 0.521875
5 0.55 0.6046875 0.125 0.58515625
5 0.3671875 0.6296875 0.15859375 0.546875
5 0.0828125 0.6125 0.15703125 0.628125
5 0.23671875 0.65703125 0.1203125 0.5296875
6 0.08515625 0.9203125 0.0609375 0.05
6 0.140625 0.91171875 0.0546875 0.059375
6 0.2390625 0.90859375 0.06015625 0.0421875
6 0.28046875 0.8859375 0.06328125 0.0375
2 0.36328125 0.39609375 0.06640625 0.0171875
6 0.86953125 0.85859375 0.06171875 0.04296875
6 0.9265625 0.8703125 0.0765625 0.03046875