5 0.14765625 0.39609375 0.1328125 0.6046875
3 0.1609375 0.13828125 0.07890625 0.11640625
5 0.72734375 0.3734375 0.0703125 0.384375
5 0.81484375 0.36484375 0.115625 0.42890625
3 0.8046875 0.1890625 0.08125 0.12421875
5 0.24765625 0.2171875 0.090625 0.19453125
3 0.228125 0.17421875 0.06796875 0.12109375
5 0.5171875 0.484375 0.3921875 0.93125
5 0.31953125 0.29765625 0.10078125 0.23671875
5 0.390625 0.25 0.10390625 0.26015625
3 0.38515625 0.16171875 0.06484375 0.09609375
5 0.91328125 0.27109375 0.0953125 0.2765625
3 0.9015625 0.18984375 0.05234375 0.10078125
3 0.5125 0.19453125 0.2 0.36328125
6 0.13515625 0.6828125 0.05703125 0.04765625
6 0.21171875 0.69609375 0.08046875 0.059375
6 0.809375 0.70234375 0.06796875 0.040625
5 0.6375 0.23359375 0.0546875 0.23359375