5 0.7203125 0.5515625 0.184375 0.896875
3 0.746875 0.1953125 0.07265625 0.18671875
5 0.325 0.540625 0.13515625 0.7734375
3 0.36015625 0.240625 0.0671875 0.13828125
5 0.509375 0.59453125 0.1609375 0.7421875
3 0.5390625 0.29921875 0.06171875 0.1234375
5 0.14375 0.52265625 0.19765625 0.9359375
7 0.16953125 0.4109375 0.1453125 0.39453125
7 0.34375 0.4421875 0.12578125 0.271875
7 0.0734375 0.45625 0.07578125 0.18046875
7 0.7359375 0.459375 0.13515625 0.36796875
7 0.2390625 0.4734375 0.03984375 0.18046875
7 0.64921875 0.49921875 0.0546875 0.1484375
7 0.40390625 0.515625 0.0328125 0.13359375
7 0.278125 0.5171875 0.03046875 0.159375
7 0.796875 0.525 0.04921875 0.20703125
7 0.4546875 0.5359375 0.04375 0.171875
7 0.5171875 0.5359375 0.13203125 0.325
7 0.5671875 0.5359375 0.053125 0.203125
1 0.071875 0.5703125 0.02890625 0.07109375
1 0.2328125 0.57421875 0.01171875 0.0640625
1 0.63984375 0.61640625 0.0265625 0.1015625
1 0.7796875 0.65078125 0.03203125 0.1109375
5 0.953125 0.6484375 0.09375 0.703125
7 0.9578125 0.65546875 0.08359375 0.4515625
7 0.89375 0.734375 0.07890625 0.234375
3 0.178125 0.16015625 0.09609375 0.2015625
6 0.09921875 0.9015625 0.0546875 0.196875
6 0.20078125 0.86640625 0.06171875 0.1734375
6 0.30078125 0.84921875 0.06171875 0.153125
6 0.365625 0.8671875 0.0609375 0.15078125