5 0.1765625 0.47578125 0.13515625 0.7703125
3 0.1703125 0.1671875 0.06171875 0.125
5 0.40703125 0.45625 0.08125 0.41796875
5 0.4796875 0.490625 0.0859375 0.61796875
3 0.47734375 0.24375 0.0484375 0.11796875
5 0.321875 0.51015625 0.11875 0.59375
3 0.31875 0.271875 0.05078125 0.1125
3 0.534375 0.2609375 0.0375 0.0625
3 0.39921875 0.26640625 0.0328125 0.0515625
5 0.5953125 0.49921875 0.07421875 0.49140625
3 0.6078125 0.29375 0.03984375 0.090625
7 0.159375 0.37890625 0.10234375 0.2890625
5 0.76875 0.640625 0.10078125 0.5484375
3 0.78359375 0.41875 0.06171875 0.1125
7 0.54296875 0.4 0.0484375 0.1875
7 0.396875 0.403125 0.0625 0.19140625
7 0.4734375 0.4125 0.09375 0.253125
7 0.5984375 0.4328125 0.08125 0.234375
7 0.315625 0.45390625 0.09375 0.2640625
1 0.21875 0.5203125 0.01640625 0.071875
1 0.4203125 0.5203125 0.01875 0.04453125
1 0.115625 0.54375 0.02734375 0.08046875
1 0.2625 0.575 0.01796875 0.0375
1 0.359375 0.578125 0.02578125 0.034375
7 0.76875 0.5828125 0.10703125 0.26796875
1 0.803125 0.7171875 0.02109375 0.04453125
2 0.7765625 0.41796875 0.0453125 0.034375
6 0.14375 0.82890625 0.06015625 0.11171875
6 0.228125 0.78515625 0.06640625 0.08828125
6 0.2796875 0.76328125 0.05234375 0.0984375
6 0.35859375 0.74765625 0.04765625 0.125
6 0.4328125 0.73671875 0.0421875 0.12578125
6 0.50703125 0.740625 0.03203125 0.1421875
6 0.5484375 0.709375 0.02421875 0.0765625
6 0.6109375 0.70625 0.04609375 0.08359375