7 0.5421875 0.446875 0.053125 0.12890625
5 0.33203125 0.50625 0.06953125 0.353125
1 0.309375 0.30625 0.01015625 0.040625
5 0.4046875 0.61796875 0.109375 0.6328125
3 0.41484375 0.35078125 0.0484375 0.1109375
5 0.2375 0.5375 0.11796875 0.44453125
3 0.2375 0.35703125 0.04765625 0.08359375
3 0.3421875 0.346875 0.02890625 0.0375
1 0.2203125 0.34765625 0.015625 0.0234375
7 0.2875 0.3609375 0.04375 0.078125
5 0.6671875 0.5734375 0.1203125 0.415625
1 0.6390625 0.37265625 0.01484375 0.0265625
1 0.68828125 0.375 0.0296875 0.03359375
7 0.19375 0.378125 0.040625 0.05390625
7 0.3328125 0.38046875 0.03984375 0.0390625
1 0.36875 0.3953125 0.01171875 0.02109375
3 0.665625 0.409375 0.04140625 0.06328125
7 0.4828125 0.4 0.02421875 0.075
3 0.4625 0.4015625 0.021875 0.03203125
5 0.55 0.51328125 0.07578125 0.3703125
7 0.621875 0.4109375 0.040625 0.08203125
7 0.69296875 0.4234375 0.0265625 0.05703125
7 0.5515625 0.4296875 0.03203125 0.04453125
7 0.33515625 0.440625 0.0359375 0.10390625
7 0.515625 0.4453125 0.015625 0.046875
7 0.23671875 0.45234375 0.0703125 0.1484375
7 0.4671875 0.490625 0.02421875 0.10703125
7 0.653125 0.5140625 0.07578125 0.159375
7 0.4015625 0.5265625 0.08828125 0.25
2 0.4109375 0.3484375 0.0453125 0.0421875
6 0.1984375 0.7078125 0.03984375 0.103125
6 0.2609375 0.69609375 0.04453125 0.09609375
6 0.43984375 0.86875 0.04609375 0.121875
6 0.36484375 0.85390625 0.053125 0.1171875
6 0.63359375 0.73828125 0.02890625 0.0890625
6 0.70703125 0.70546875 0.0515625 0.1171875