5 0.70078125 0.596875 0.4265625 0.80625
3 0.68359375 0.35 0.2046875 0.31796875
5 0.1890625 0.678125 0.16953125 0.6359375
1 0.19921875 0.4078125 0.0421875 0.05703125
7 0.17421875 0.47109375 0.0640625 0.1234375
3 0.590625 0.4828125 0.05390625 0.06796875
1 0.5203125 0.5265625 0.05078125 0.078125
7 0.19921875 0.61953125 0.1015625 0.2484375
7 0.5203125 0.6234375 0.05859375 0.146875
7 0.5734375 0.62578125 0.065625 0.1390625
7 0.66171875 0.78203125 0.3265625 0.4359375
2 0.64453125 0.35625 0.16171875 0.1046875