5 0.48984375 0.6296875 0.165625 0.740625
3 0.4953125 0.3375 0.08984375 0.153125
5 0.7328125 0.575 0.11015625 0.50703125
3 0.71875 0.3546875 0.034375 0.05703125
5 0.9359375 0.68046875 0.128125 0.63359375
3 0.95625 0.3921875 0.059375 0.05703125
5 0.34296875 0.621875 0.1046875 0.53515625
3 0.3421875 0.3953125 0.04296875 0.06796875
3 0.4484375 0.41171875 0.021875 0.0390625
5 0.5921875 0.58046875 0.09609375 0.35625
3 0.5890625 0.43125 0.02890625 0.04140625
7 0.715625 0.5046875 0.07265625 0.19609375
7 0.346875 0.55390625 0.08046875 0.2265625
7 0.5890625 0.5578125 0.06015625 0.15703125
1 0.75234375 0.60625 0.0109375 0.053125
7 0.9453125 0.62734375 0.10546875 0.3015625
7 0.4703125 0.62890625 0.14296875 0.3984375
1 0.30390625 0.646875 0.0140625 0.046875
1 0.89375 0.76953125 0.02109375 0.0515625
2 0.48125 0.34140625 0.07421875 0.0609375
6 0.31640625 0.8328125 0.0375 0.1015625
6 0.37421875 0.8375 0.0484375 0.10703125
6 0.890625 0.9453125 0.046875 0.109375
6 0.97109375 0.94609375 0.0578125 0.0984375
6 0.74765625 0.79375 0.06015625 0.08125