5 0.3890625 0.603125 0.125 0.78828125
3 0.434375 0.29609375 0.075 0.16640625
5 0.915625 0.63671875 0.16875 0.7265625
3 0.9390625 0.35859375 0.0703125 0.18046875
5 0.553125 0.6484375 0.14140625 0.70234375
3 0.57578125 0.375 0.0671875 0.128125
5 0.7296875 0.7 0.1296875 0.59921875
3 0.7359375 0.45 0.05625 0.134375
7 0.39765625 0.5453125 0.1109375 0.41796875
7 0.55546875 0.559375 0.1140625 0.325
7 0.9125 0.5828125 0.12578125 0.33203125
7 0.3296875 0.5953125 0.04609375 0.215625
5 0.21484375 0.5140625 0.20390625 0.9265625
7 0.20625 0.603125 0.18359375 0.65
7 0.45625 0.61640625 0.02109375 0.1390625
7 0.84375 0.63125 0.04375 0.1625
7 0.4890625 0.6359375 0.040625 0.12109375
7 0.603125 0.65078125 0.025 0.1140625
7 0.9828125 0.653125 0.03046875 0.18203125
7 0.6640625 0.66953125 0.05859375 0.1765625
7 0.70625 0.671875 0.121875 0.321875
7 0.765625 0.67421875 0.05390625 0.1859375
3 0.2453125 0.16171875 0.14375 0.23671875
2 0.24921875 0.18359375 0.1171875 0.10546875