5 0.47734375 0.5421875 0.1546875 0.915625
3 0.48515625 0.17421875 0.0703125 0.16328125
5 0.0765625 0.48046875 0.1515625 0.678125
3 0.08046875 0.2109375 0.06171875 0.134375
5 0.22734375 0.52265625 0.14609375 0.64375
3 0.2171875 0.26484375 0.05078125 0.1015625
5 0.64140625 0.6015625 0.2078125 0.796875
3 0.66640625 0.30859375 0.0765625 0.1796875
5 0.3484375 0.55625 0.16328125 0.68515625
3 0.35 0.2984375 0.059375 0.12109375
7 0.08359375 0.39140625 0.1140625 0.2765625
7 0.01640625 0.40390625 0.0328125 0.1390625
7 0.4828125 0.4234375 0.12890625 0.340625
7 0.2296875 0.42265625 0.096875 0.2390625
7 0.14375 0.4296875 0.03828125 0.15859375
7 0.42265625 0.475 0.0265625 0.11953125
7 0.303125 0.4875 0.01796875 0.14296875
7 0.27734375 0.49375 0.0296875 0.10546875
7 0.53125 0.496875 0.04765625 0.20546875
7 0.384375 0.503125 0.05078125 0.1625
7 0.178125 0.50390625 0.01875 0.0859375
1 0.0140625 0.50390625 0.02421875 0.0484375
7 0.34296875 0.5046875 0.1046875 0.28203125
1 0.1328125 0.515625 0.01796875 0.04140625
1 0.415625 0.5890625 0.01953125 0.084375
7 0.65625 0.6171875 0.159375 0.46796875
7 0.55 0.678125 0.05625 0.25546875
7 0.73046875 0.7453125 0.0671875 0.20703125
6 0.03671875 0.73984375 0.0734375 0.159375
6 0.10703125 0.75546875 0.0625 0.128125
6 0.196875 0.75859375 0.05390625 0.134375
6 0.25 0.7890625 0.06015625 0.10703125
6 0.3125 0.80859375 0.06015625 0.096875
6 0.36796875 0.84609375 0.07734375 0.084375
6 0.5015625 0.9359375 0.0890625 0.12578125
6 0.434375 0.89453125 0.06640625 0.1046875