5 0.31953125 0.45859375 0.11484375 0.6234375
3 0.3328125 0.2171875 0.04765625 0.12265625
5 0.69921875 0.49375 0.09609375 0.6578125
3 0.71875 0.23203125 0.04375 0.11640625
5 0.4359375 0.48046875 0.0921875 0.54609375
3 0.43828125 0.259375 0.0421875 0.096875
5 0.5546875 0.515625 0.11796875 0.52109375
3 0.565625 0.30859375 0.05546875 0.096875
5 0.85703125 0.6125 0.11015625 0.59765625
3 0.88046875 0.365625 0.05078125 0.10859375
5 0.18671875 0.49375 0.1375 0.85078125
7 0.175 0.37421875 0.10859375 0.3515625
7 0.3125 0.390625 0.096875 0.25390625
7 0.703125 0.3921875 0.09609375 0.22890625
7 0.43203125 0.4 0.0859375 0.2
7 0.5546875 0.46875 0.1 0.22109375
1 0.2625 0.5015625 0.01953125 0.04140625
1 0.64765625 0.5203125 0.0234375 0.06640625
1 0.73984375 0.534375 0.0234375 0.078125
7 0.86484375 0.546875 0.0921875 0.26640625
6 0.709375 0.771875 0.0546875 0.1046875
6 0.8015625 0.82109375 0.0578125 0.153125
1 0.8140625 0.6796875 0.02109375 0.03359375
3 0.19296875 0.13984375 0.07265625 0.1484375
6 0.159375 0.85234375 0.0796875 0.128125
6 0.209375 0.76171875 0.08515625 0.096875
6 0.278125 0.715625 0.07265625 0.1171875
6 0.33125 0.69921875 0.0484375 0.109375
6 0.4375 0.7015625 0.06640625 0.0828125
6 0.878125 0.825 0.059375 0.1484375