5 0.25390625 0.40078125 0.08203125 0.40625
3 0.25859375 0.23125 0.0265625 0.07734375
5 0.49765625 0.40859375 0.0515625 0.271875
5 0.55078125 0.3875 0.0640625 0.35859375
3 0.54921875 0.2390625 0.02578125 0.06875
5 0.365625 0.39375 0.0640625 0.35
3 0.375 0.25234375 0.028125 0.05703125
5 0.6203125 0.4296875 0.07734375 0.3859375
3 0.615625 0.26640625 0.028125 0.0671875
5 0.43125 0.40234375 0.04453125 0.30078125
3 0.4390625 0.275 0.02734375 0.046875
3 0.5046875 0.2875 0.021875 0.03203125
7 0.55 0.334375 0.05390625 0.128125
3 0.2546875 0.3421875 0.06171875 0.15703125
7 0.5671875 0.346875 0.01953125 0.09140625
7 0.36875 0.3484375 0.03984375 0.12890625
7 0.434375 0.3578125 0.04765625 0.115625
7 0.34375 0.359375 0.02421875 0.07109375
7 0.50078125 0.375 0.0421875 0.115625
7 0.51875 0.375 0.01796875 0.071875
7 0.6125 0.375 0.06015625 0.15390625
7 0.4609375 0.3828125 0.01328125 0.046875
7 0.47734375 0.38515625 0.0140625 0.0609375
7 0.4125 0.38828125 0.01171875 0.0515625
1 0.52421875 0.4015625 0.0078125 0.040625
1 0.559375 0.403125 0.01015625 0.0375
7 0.58125 0.421875 0.015625 0.071875
7 0.63984375 0.42421875 0.0234375 0.0640625
6 0.23046875 0.56640625 0.03515625 0.06484375
6 0.2796875 0.56953125 0.034375 0.071875
6 0.35078125 0.52734375 0.03515625 0.07109375
6 0.378125 0.51953125 0.0265625 0.0765625
6 0.425 0.51875 0.0234375 0.0640625
6 0.44375 0.51953125 0.03125 0.05390625
6 0.5359375 0.52890625 0.025 0.04765625
6 0.56640625 0.5328125 0.03203125 0.05546875
6 0.59921875 0.55390625 0.02578125 0.0859375
6 0.6296875 0.56171875 0.04453125 0.0859375