5 0.27734375 0.39140625 0.0890625 0.3765625
5 0.37734375 0.3890625 0.0578125 0.3171875
5 0.44296875 0.39609375 0.0515625 0.26953125
5 0.503125 0.3953125 0.04609375 0.24921875
5 0.55390625 0.3671875 0.0453125 0.340625
5 0.6125 0.4109375 0.06484375 0.34609375
3 0.27265625 0.2421875 0.0359375 0.0671875
3 0.3828125 0.26640625 0.03671875 0.065625
3 0.4421875 0.2859375 0.034375 0.04921875
3 0.503125 0.29765625 0.028125 0.05078125
3 0.5484375 0.2359375 0.02421875 0.0609375
3 0.60703125 0.2703125 0.03984375 0.059375
7 0.2703125 0.35078125 0.05859375 0.14140625
7 0.38125 0.35078125 0.04453125 0.11953125
7 0.44296875 0.35703125 0.04296875 0.10625
7 0.50546875 0.37578125 0.04375 0.10390625
7 0.54765625 0.32265625 0.02734375 0.1125
7 0.60625 0.36875 0.04375 0.12109375
6 0.25234375 0.56796875 0.02734375 0.02421875
6 0.29765625 0.55859375 0.02421875 0.040625