5 0.64453125 0.59921875 0.16171875 0.7203125
3 0.73125 0.375 0.04375 0.04453125
5 0.253125 0.5546875 0.1109375 0.3828125
3 0.2546875 0.384375 0.03984375 0.034375
5 0.45 0.5375 0.16015625 0.91015625
3 0.36875 0.39609375 0.025 0.0390625
3 0.5640625 0.4 0.025 0.04296875
7 0.4484375 0.4046875 0.09921875 0.35859375
7 0.6390625 0.4796875 0.10546875 0.28203125
7 0.37421875 0.5015625 0.0515625 0.153125
7 0.56484375 0.503125 0.0265625 0.134375
7 0.25 0.5125 0.05625 0.15703125
7 0.3765625 0.53046875 0.03203125 0.0984375
7 0.25859375 0.5375 0.0390625 0.09453125
1 0.6109375 0.5859375 0.034375 0.05859375
6 0.490625 0.89296875 0.09140625 0.103125
6 0.596875 0.8953125 0.0609375 0.13203125
6 0.6671875 0.89765625 0.10078125 0.10625