5 0.59921875 0.4421875 0.08984375 0.63671875
3 0.60703125 0.1640625 0.0453125 0.06640625
5 0.225 0.4125 0.11640625 0.56171875
3 0.24375 0.18125 0.04375 0.084375
5 0.3546875 0.43125 0.09296875 0.51640625
3 0.35625 0.221875 0.0375 0.08046875
5 0.478125 0.4640625 0.08125 0.48671875
3 0.471875 0.25 0.0375 0.053125
5 0.72734375 0.56328125 0.121875 0.61328125
3 0.7609375 0.303125 0.04609375 0.0875
5 0.08515625 0.4234375 0.11875 0.72109375
7 0.0796875 0.334375 0.11328125 0.30546875
7 0.23671875 0.34765625 0.0890625 0.2390625
7 0.35546875 0.3578125 0.0828125 0.190625
7 0.60234375 0.359375 0.1046875 0.240625
7 0.4671875 0.428125 0.09375 0.2125
1 0.18359375 0.4453125 0.0234375 0.053125
1 0.5484375 0.484375 0.01796875 0.075
1 0.63203125 0.5015625 0.0234375 0.08203125
7 0.7421875 0.503125 0.11328125 0.28359375
3 0.08203125 0.1265625 0.06328125 0.13046875
2 0.0828125 0.1296875 0.06953125 0.04609375
6 0.06328125 0.7546875 0.07109375 0.08125
6 0.11953125 0.6921875 0.0703125 0.07734375
6 0.18984375 0.62421875 0.05703125 0.11953125
6 0.26640625 0.63984375 0.05625 0.13359375
6 0.33046875 0.634375 0.0390625 0.09921875
6 0.371875 0.64296875 0.034375 0.0859375
6 0.609375 0.7265625 0.04921875 0.10703125
6 0.6796875 0.7921875 0.0359375 0.12734375
6 0.753125 0.81640625 0.0359375 0.1296875