5 0.375 0.53828125 0.16015625 0.9046875
6 0.353125 0.9578125 0.06484375 0.084375
6 0.4046875 0.9046875 0.07109375 0.05859375
5 0.546875 0.4703125 0.11640625 0.61953125
6 0.50546875 0.75546875 0.0640625 0.0515625
6 0.57109375 0.7578125 0.0484375 0.053125
5 0.728125 0.5390625 0.15625 0.921875
6 0.68203125 0.9078125 0.0609375 0.06015625
6 0.72578125 0.97734375 0.0578125 0.0453125
1 0.4203125 0.3609375 0.0625 0.09765625
1 0.7734375 0.340625 0.053125 0.11484375
3 0.396875 0.1890625 0.08359375 0.19375
4 0.54921875 0.24140625 0.0484375 0.04296875
3 0.55078125 0.2171875 0.06953125 0.096875
3 0.73515625 0.1640625 0.1140625 0.15625
7 0.72421875 0.390625 0.1703125 0.3125
4 0.39296875 0.23515625 0.05625 0.0578125
4 0.71953125 0.20546875 0.07421875 0.0515625
2 0.725 0.16171875 0.07734375 0.04140625