5 0.7140625 0.6140625 0.175 0.65625
5 0.596875 0.603125 0.18203125 0.7375
5 0.3875 0.6203125 0.184375 0.68359375
5 0.2 0.565625 0.19140625 0.628125
3 0.2203125 0.32890625 0.059375 0.10234375
3 0.5859375 0.29921875 0.06875 0.10859375
3 0.6984375 0.34453125 0.0609375 0.10625
7 0.40546875 0.55546875 0.1203125 0.2890625
7 0.60078125 0.47890625 0.0984375 0.2734375
7 0.70546875 0.52109375 0.1078125 0.2546875
3 0.409375 0.353125 0.06875 0.1125
1 0.64921875 0.53984375 0.0515625 0.0609375
1 0.309375 0.62890625 0.046875 0.0765625
6 0.25 0.8421875 0.065625 0.028125
6 0.3609375 0.9296875 0.0375 0.03125
6 0.421875 0.93046875 0.034375 0.0328125
6 0.6 0.921875 0.075 0.040625
6 0.68828125 0.91171875 0.0734375 0.0328125
6 0.1265625 0.8140625 0.05 0.0875