7 0.75 0.53125 0.096875 0.165625
6 0.13125 0.865625 0.04375 0.0375
6 0.20234375 0.85703125 0.0359375 0.0328125
6 0.24296875 0.8640625 0.0390625 0.040625
6 0.28046875 0.8640625 0.0265625 0.034375
6 0.36484375 0.88046875 0.0265625 0.0359375
6 0.40078125 0.87734375 0.0265625 0.0359375
6 0.43828125 0.8125 0.0296875 0.1125
6 0.4671875 0.81171875 0.03125 0.1109375
6 0.51796875 0.8375 0.0359375 0.0375
6 0.56796875 0.86015625 0.0390625 0.0515625
6 0.6140625 0.86640625 0.03125 0.0453125
6 0.66015625 0.88671875 0.0265625 0.0296875
6 0.6859375 0.88828125 0.025 0.0265625
6 0.73125 0.85078125 0.053125 0.0421875
6 0.76796875 0.88203125 0.0328125 0.0484375
6 0.8359375 0.8828125 0.040625 0.05
6 0.89765625 0.89765625 0.0484375 0.0546875
5 0.8765625 0.66875 0.16640625 0.52421875
5 0.75234375 0.6375 0.1078125 0.55078125
5 0.671875 0.68671875 0.11484375 0.4515625
5 0.590625 0.6671875 0.08984375 0.465625
5 0.5328125 0.63828125 0.10078125 0.4515625
5 0.4640625 0.6515625 0.08671875 0.44140625
5 0.371875 0.6515625 0.13203125 0.51015625
5 0.2625 0.66875 0.11484375 0.465625
5 0.1640625 0.6578125 0.128125 0.484375