5 0.85859375 0.70703125 0.1484375 0.5859375
5 0.7046875 0.68046875 0.08671875 0.5609375
5 0.66328125 0.6328125 0.0765625 0.52109375
5 0.5984375 0.6640625 0.08984375 0.51875
5 0.528125 0.6078125 0.07109375 0.46484375
5 0.45859375 0.6359375 0.0921875 0.55
5 0.321875 0.65859375 0.13046875 0.6265625
5 0.19609375 0.69140625 0.0859375 0.6171875
5 0.11875 0.6578125 0.11953125 0.684375
5 0.03671875 0.6484375 0.0734375 0.7
3 0.0328125 0.40234375 0.065625 0.1890625
3 0.13125 0.3875 0.075 0.140625
3 0.1984375 0.44921875 0.059375 0.10546875
3 0.31796875 0.40625 0.04765625 0.109375
3 0.4703125 0.41640625 0.040625 0.0921875
3 0.52578125 0.428125 0.0390625 0.075
3 0.58671875 0.44453125 0.04375 0.075
3 0.6703125 0.41484375 0.040625 0.07890625
3 0.7109375 0.4453125 0.046875 0.09296875
3 0.846875 0.48515625 0.06875 0.109375
6 0.2125 0.9765625 0.059375 0.028125
6 0.30078125 0.9390625 0.0296875 0.040625
6 0.33671875 0.9328125 0.0421875 0.040625
6 0.428125 0.87578125 0.021875 0.0359375
6 0.48515625 0.8734375 0.0359375 0.034375
6 0.54140625 0.84375 0.0265625 0.03125
6 0.49765625 0.8375 0.0265625 0.025
6 0.56640625 0.86640625 0.0421875 0.0359375
6 0.60625 0.88671875 0.03125 0.0484375
6 0.6390625 0.86015625 0.040625 0.0328125
6 0.6734375 0.921875 0.04375 0.025
6 0.7015625 0.94453125 0.046875 0.0328125