5 0.84296875 0.6515625 0.2203125 0.50390625
5 0.7765625 0.478125 0.15234375 0.72578125
5 0.62578125 0.475 0.1578125 0.73125
5 0.12421875 0.56796875 0.2484375 0.8640625
3 0.1015625 0.21328125 0.071875 0.14609375
3 0.64296875 0.1703125 0.0546875 0.11953125
3 0.75546875 0.1765625 0.0578125 0.12890625
3 0.8265625 0.4703125 0.053125 0.13125
7 0.096875 0.4390625 0.153125 0.325
7 0.6265625 0.365625 0.115625 0.259375
7 0.76171875 0.3484375 0.1171875 0.253125
7 0.85390625 0.63359375 0.1234375 0.2265625
6 0.20078125 0.978125 0.0796875 0.04375
6 0.75390625 0.81796875 0.0609375 0.0421875
6 0.79296875 0.86640625 0.0671875 0.0484375
6 0.8796875 0.853125 0.034375 0.06875
6 0.65625 0.809375 0.08203125 0.075
6 0.084375 0.9734375 0.05703125 0.05234375