7 0.9046875 0.3375 0.11875 0.325
5 0.87109375 0.2984375 0.0609375 0.296875
5 0.90546875 0.4203125 0.1546875 0.78984375
5 0.6625 0.3875 0.19921875 0.596875
5 0.46875 0.4046875 0.13515625 0.55703125
5 0.384375 0.3859375 0.12109375 0.52109375
7 0.1796875 0.32578125 0.253125 0.3015625
5 0.26796875 0.434375 0.1234375 0.565625
5 0.1296875 0.4359375 0.16875 0.75546875
3 0.15 0.146875 0.08125 0.13203125
3 0.2625 0.20859375 0.046875 0.09296875
3 0.39921875 0.18359375 0.0484375 0.0859375
3 0.46875 0.18828125 0.059375 0.0921875
2 0.87421875 0.2265625 0.0453125 0.01953125
3 0.875 0.2125 0.04375 0.08125
3 0.9296875 0.1109375 0.08125 0.13203125
7 0.265625 0.36953125 0.0625 0.1140625
7 0.39140625 0.30390625 0.0765625 0.1546875
7 0.4734375 0.309375 0.090625 0.190625
7 0.67109375 0.290625 0.1015625 0.190625
6 0.8859375 0.765625 0.078125 0.046875
6 0.62109375 0.64609375 0.0546875 0.0265625
6 0.68984375 0.6453125 0.0328125 0.025
6 0.4640625 0.64375 0.046875 0.034375
3 0.6734375 0.1484375 0.08046875 0.0875
2 0.91640625 0.12578125 0.05625 0.0265625
2 0.6734375 0.1515625 0.0546875 0.02265625
2 0.39921875 0.18828125 0.04453125 0.0203125
2 0.26328125 0.22109375 0.0453125 0.02578125
2 0.16171875 0.1546875 0.05859375 0.0359375