5 0.70625 0.553125 0.17890625 0.69921875
7 0.515625 0.4640625 0.175 0.28125
5 0.51875 0.5390625 0.19453125 0.62890625
3 0.50625 0.28828125 0.1 0.115625
5 0.2921875 0.5375 0.19140625 0.64375
7 0.3125 0.45859375 0.1625 0.3171875
7 0.08046875 0.459375 0.1609375 0.321875
5 0.07421875 0.5453125 0.1484375 0.690625
3 0.04375 0.27109375 0.0875 0.13828125
3 0.296875 0.2828125 0.1 0.115625
3 0.7015625 0.26171875 0.1 0.1265625
3 0.90078125 0.134375 0.1203125 0.125
7 0.7078125 0.45234375 0.159375 0.3015625
6 0.02109375 0.82890625 0.0421875 0.1171875
6 0.09296875 0.83671875 0.0796875 0.1140625
6 0.27109375 0.784375 0.1078125 0.10625
6 0.3296875 0.81171875 0.103125 0.1140625
6 0.5 0.76484375 0.1 0.0953125
6 0.5453125 0.80859375 0.09375 0.0953125
6 0.6671875 0.80078125 0.090625 0.0734375
6 0.7109375 0.83828125 0.1 0.0890625
6 0.87265625 0.83515625 0.1203125 0.1015625
6 0.92265625 0.8703125 0.1484375 0.1125
1 0.04765625 0.625 0.0734375 0.10625
1 0.27890625 0.58828125 0.0640625 0.0921875
1 0.47421875 0.56484375 0.0609375 0.0953125
1 0.65078125 0.53828125 0.0578125 0.0734375
1 0.86171875 0.5421875 0.1078125 0.10625
5 0.90078125 0.5203125 0.1984375 0.89375