3 0.2484375 0.67109375 0.09375 0.1265625
3 0.36953125 0.58671875 0.0296875 0.0390625
3 0.56875 0.6171875 0.021875 0.03125
3 0.8625 0.40078125 0.090625 0.0984375
3 0.52109375 0.58671875 0.0265625 0.0265625
7 0.228125 0.8859375 0.15 0.228125
7 0.89609375 0.67109375 0.1734375 0.4078125
7 0.49921875 0.65078125 0.0484375 0.1046875
7 0.6 0.67890625 0.0625 0.1078125
5 0.8484375 0.628125 0.30234375 0.57265625
5 0.23125 0.7984375 0.19296875 0.403125
5 0.35390625 0.68125 0.1265625 0.25390625
5 0.50859375 0.659375 0.0609375 0.17578125
5 0.5984375 0.7078125 0.10078125 0.24453125