5 0.725 0.6734375 0.125 0.596875
5 0.65 0.62890625 0.09921875 0.4515625
5 0.5703125 0.6140625 0.09765625 0.43046875
5 0.47265625 0.5890625 0.1265625 0.390625
5 0.3359375 0.6265625 0.159375 0.434375
3 0.33671875 0.4609375 0.04140625 0.07109375
3 0.45390625 0.43046875 0.0328125 0.05703125
3 0.55390625 0.44609375 0.0328125 0.0703125
3 0.63828125 0.4421875 0.0359375 0.07734375
3 0.696875 0.43828125 0.053125 0.08828125
6 0.33046875 0.80703125 0.0203125 0.0359375
6 0.36015625 0.7875 0.0390625 0.021875
6 0.478125 0.7546875 0.021875 0.021875
6 0.51953125 0.75859375 0.0265625 0.0296875
6 0.56484375 0.79453125 0.0328125 0.0234375
6 0.59765625 0.81171875 0.0203125 0.0296875
6 0.64765625 0.815625 0.0421875 0.01875
6 0.67890625 0.83828125 0.0234375 0.0265625
6 0.71171875 0.93515625 0.0578125 0.0390625