5 0.24140625 0.75625 0.3921875 0.4875
5 0.70625 0.75859375 0.41640625 0.4828125
5 0.7609375 0.259375 0.34375 0.48984375
5 0.253125 0.259375 0.34140625 0.48359375
7 0.7453125 0.2828125 0.28125 0.28125
7 0.271875 0.29765625 0.2875 0.3109375
3 0.26328125 0.58359375 0.1578125 0.12578125
3 0.721875 0.58828125 0.16015625 0.1390625
7 0.7390625 0.771875 0.290625 0.27734375
7 0.23828125 0.79765625 0.3046875 0.2953125
3 0.7734375 0.08203125 0.16015625 0.13203125
3 0.21015625 0.08515625 0.1890625 0.12578125